1.01045 1.96498
2.05547 1.8547
3.08889 1.66947
4.06114 1.42316
5.0177 1.10886
6.00189 0.705321
6.90139 0.258787
7.84615 -0.299686
8.69624 -0.891634
9.63149 -1.65841
10.3915 -2.31921
11.2688 -2.85723
12.2398 -3.22187
13.249 -3.39385
14.3552 -3.36266
15.3406 -3.13826
16.2641 -2.73646
17.1393 -2.13565
17.8638 -1.39651
18.4371 -0.528285
18.8447 0.469598
19.0406 1.46398
19.0384 2.57595
18.8157 3.64359
18.3474 4.70918
17.7398 5.56283
16.9634 6.29595
16.0242 6.87925
15.0324 7.24782
13.931 7.41976
12.9167 7.37675
11.8391 7.11357
10.8282 6.62894
9.73186 5.73564
9.03144 5.02174
8.30762 4.31504
7.53413 3.59253
6.78188 2.92026
5.97721 2.23255
5.14085 1.55047
4.31586 0.908728
3.4824 0.289988
2.58546 -0.344218
1.67374 -0.956801
0.813527 -1.50596
-0.053917 -2.03372
-0.900403 -2.60303
-1.73501 -3.27626
-2.55403 -4.0709
-3.23119 -4.85844
-3.82511 -5.68164
-4.38856 -6.62756
-4.82471 -7.53111
-5.22503 -8.59199
-5.50023 -9.583
-5.68696 -10.5746
-5.7928 -11.6269
-5.80688 -12.6286
-5.7234 -13.7454
-5.53949 -14.832
-5.26343 -15.8756
-4.92367 -16.819
-4.49839 -17.7462
-3.99394 -18.6364
-3.4056 -19.4922
-2.77227 -20.2737
-2.23854 -21.1211
-1.87897 -22.1228
-1.75102 -23.1781
-1.85787 -24.2233
-2.22057 -25.2812
-2.76012 -26.1499
-3.5069 -26.9113
-4.46545 -27.5167
-5.46616 -27.8622
-6.47994 -27.9779
-7.55796 -27.8609
-8.61578 -27.4861
-9.50213 -26.9186
-10.2574 -26.1506
-10.8302 -25.2115
-11.1853 -24.0969
-11.2578 -22.9412
-11.0916 -21.9477
-10.5923 -20.7866
-9.90852 -19.9026
-9.20237 -19.1539
-8.46716 -18.3349
-7.79945 -17.5532
-7.15973 -16.7672
-6.52271 -15.9456
-5.82671 -14.9986
-5.23542 -14.1494
-4.65782 -13.2757
-4.04626 -12.2975
-3.48084 -11.338
-2.99229 -10.4605
-2.48404 -9.4932
-1.93306 -8.37187
-1.4239 -7.25598
-1.01886 -6.30277
-0.641279 -5.35184
-0.258402 -4.31345
0.0886905 -3.29331
0.390421 -2.33067
0.713565 -1.20021
1.00999 -0.0438269
1.29667 1.22623
1.4951 2.23087
1.67771 3.29055
1.86562 4.59634
1.99661 5.73671
2.09107 6.79858
2.16784 8.03428
2.20612 9.12537
2.2163 10.3361
2.19553 11.4549
2.14082 12.6574
2.04395 13.9557
1.92703 15.0896
1.777 16.2425
1.57738 17.4986
1.38798 18.5148
1.14292 19.6652
0.892675 20.7063
0.528783 22.0489
0.203767 23.1218
-0.189965 24.3024
-0.598761 25.4207
-0.967046 26.3531
-1.48715 27.5713
-1.93822 28.5498
-2.41163 29.5114
-2.96552 30.5643
-3.45914 31.4457
-4.06599 32.4657
-4.66891 33.4179
-5.37343 34.4629
-6.00783 35.3487
-6.70288 36.2659
-7.54506 37.3106
-8.33719 38.2332
-9.03059 38.9967
-9.7498 39.7484
-10.5917 40.5861
-11.3848 41.2094
-12.3239 41.6359
-13.364 41.8225
-14.4227 41.7391
-15.4237 41.3959
-16.3006 40.8149
-17.0015 40.0486
-17.637 39.2262
-18.2209 38.4116
-18.8353 37.4829
-19.377 36.5922
-19.884 35.685
-20.3684 34.7367
-20.8388 33.7213
-21.2868 32.6412
-21.6569 31.6387
-22.0008 30.5845
-22.3117 29.4859
-22.5595 28.4609
-22.774 27.4013
-22.955 26.286
-23.0965 25.1145
-23.1917 23.8983
-23.2335 22.7661
-23.2305 21.6277
-23.1866 20.5578
-23.0979 19.44
-22.9658 18.3267
-22.7951 17.2465
-22.5931 16.2182
-22.3531 15.1954
-22.073 14.1706
-21.7232 13.0609
-21.369 12.0704
-20.9181 10.9494
-20.4643 9.93951
-19.7753 8.56815
-19.2152 7.66812
-18.5627 6.90433
-17.6872 6.15694
-16.7502 5.59207
-15.7742 5.1965
-14.7639 4.95525
-13.783 4.73124
-12.7472 4.49921
-11.6865 4.26625
-10.6001 4.03254
-9.61193 3.8243
-8.48924 3.5927
-7.481 3.38914
-6.42486 3.18017
-5.41023 2.98345
-4.39475 2.79053
-3.39452 2.60439
-2.37737 2.41905
-1.25209 2.21854
-0.20661 2.03592
